100 20 2000
20 9 53 11 40 6 82 1 42 8 98 3 86 15 50 13 57 4 28 16 7 19 13 10 24 12 61 17 54 5 97 14 92 20 86 18 5 7 32 2 11
20 4 44 5 50 7 39 11 81 17 51 6 92 14 65 19 20 2 75 1 60 15 95 10 28 16 14 8 28 18 54 13 55 9 91 3 3 12 28 20 93
20 1 52 9 67 14 64 6 83 3 37 10 21 19 10 2 62 15 74 7 86 18 71 16 43 4 24 20 5 13 78 11 10 8 40 5 51 17 89 12 54
20 13 74 10 86 15 71 20 80 17 21 3 14 1 49 7 16 2 26 14 34 18 2 9 17 8 47 6 68 11 21 16 8 5 8 12 51 4 21 19 71
20 10 89 18 50 13 80 19 88 14 16 9 58 16 20 11 32 7 42 15 89 20 79 5 87 6 73 3 74 1 17 12 53 8 81 4 85 17 55 2 57
20 12 73 6 5 19 26 1 57 10 45 17 40 20 46 16 15 5 79 8 48 9 20 4 69 18 16 14 29 3 48 2 38 15 6 11 18 13 62 7 86
20 8 57 4 89 10 91 11 96 14 66 20 49 7 88 15 62 6 86 17 80 1 13 2 58 3 81 19 70 5 48 18 61 9 12 13 69 16 76 12 23
20 5 30 6 65 10 26 19 60 11 38 9 66 12 76 1 85 17 39 14 96 13 19 15 75 20 5 8 91 16 14 3 46 2 27 18 69 7 95 4 3
20 18 1 5 99 9 97 4 17 8 51 14 63 13 82 15 79 10 60 1 61 6 92 11 58 16 13 20 2 3 3 2 74 7 43 17 34 19 6 12 1
20 1 18 9 77 20 12 19 36 14 64 8 35 18 66 4 86 16 98 7 54 3 11 15 41 10 15 5 87 17 76 6 33 12 85 13 12 2 1 11 62
20 11 29 13 17 2 21 7 93 3 39 6 48 1 46 14 60 17 9 18 61 4 43 19 47 9 47 16 92 12 2 8 77 15 58 5 71 20 16 10 50
20 7 91 8 42 6 32 11 96 2 58 4 24 19 56 3 63 16 74 17 1 5 42 15 84 1 56 12 44 14 58 10 1 9 5 20 53 18 44 13 52
20 19 48 3 16 5 37 16 60 8 54 6 32 12 69 4 25 14 48 7 72 1 77 10 29 18 64 17 10 2 53 20 90 9 71 15 84 13 82 11 93
20 18 23 14 28 15 99 20 49 1 79 5 7 10 32 7 89 6 12 2 22 9 54 13 88 19 69 8 65 4 95 12 84 11 32 17 64 16 33 3 55
20 16 97 2 49 14 11 9 79 20 86 18 67 7 51 3 80 10 29 1 75 15 64 8 59 5 92 6 85 17 92 19 3 11 94 4 69 12 34 13 27
20 9 75 13 20 6 87 3 67 20 70 1 23 16 93 15 31 5 72 19 16 12 36 2 5 18 59 4 75 10 85 11 24 17 29 8 5 14 47 7 1
20 15 24 7 13 17 27 10 21 12 29 13 19 14 91 5 37 3 93 16 76 20 75 18 15 6 70 19 70 4 91 11 57 8 18 2 8 1 29 9 73
20 13 16 3 15 14 76 17 1 12 93 19 87 20 60 18 67 16 27 8 91 2 45 9 28 4 7 1 68 5 97 15 6 11 50 7 71 10 52 6 99
20 15 81 7 53 10 16 19 88 4 16 14 3 3 49 16 62 20 26 18 26 13 43 6 31 2 75 8 35 1 72 11 37 5 79 9 94 12 94 17 7
20 15 93 20 21 6 92 4 60 13 42 16 9 17 93 14 68 10 28 19 29 11 45 2 94 8 97 18 78 1 5 5 66 12 85 3 39 9 18 7 80
20 12 43 8 33 15 21 14 63 4 56 18 90 10 12 9 12 1 79 6 51 5 99 20 98 7 68 16 8 11 61 17 41 3 58 13 8 2 42 19 9
20 8 66 19 83 18 38 1 40 2 57 17 62 13 31 10 21 15 88 7 59 9 82 4 96 5 69 16 11 3 49 20 1 14 56 6 97 12 21 11 26
20 2 53 6 12 17 91 4 86 18 66 3 85 16 2 7 78 5 23 10 28 12 16 9 35 14 55 11 35 15 51 13 3 19 25 1 54 8 6 20 10
20 2 10 1 63 17 3 11 67 9 82 15 12 3 99 18 57 7 70 6 67 12 82 14 37 5 16 10 47 16 90 13 71 8 74 20 75 4 31 19 69
20 15 86 1 17 6 1 19 39 11 42 8 35 18 85 14 35 3 93 20 48 7 22 16 76 4 25 17 42 12 65 2 3 13 79 10 95 5 59 9 24
20 11 83 8 72 15 50 7 93 14 8 12 7 16 79 10 57 5 95 9 68 20 67 13 15 17 58 2 2 6 34 4 95 1 72 19 96 18 30 3 26
20 1 11 6 22 11 81 3 63 2 95 9 2 10 22 5 81 13 2 7 91 12 7 19 36 4 27 8 87 14 54 17 24 20 4 18 94 15 7 16 26
20 19 11 18 21 17 46 9 91 20 30 7 18 11 37 15 35 3 4 16 64 8 9 10 57 4 51 5 41 1 90 13 24 2 28 12 94 14 80 6 32
20 19 17 8 40 7 44 15 72 6 41 9 31 17 86 20 7 4 60 3 41 18 11 5 36 2 20 14 23 1 81 16 27 11 53 13 8 12 96 10 77
20 20 39 2 40 12 37 18 70 8 13 4 43 5 36 7 81 19 55 17 4 16 60 10 20 13 31 6 66 1 9 9 22 11 6 3 84 14 94 15 15
20 3 52 14 12 6 1 17 32 1 52 12 6 8 9 18 6 10 18 16 97 19 82 7 12 15 62 4 43 20 88 11 4 13 8 9 89 2 49 5 27
20 11 69 5 98 6 43 1 94 9 71 10 82 2 42 7 91 18 20 14 52 8 45 17 58 12 1 4 19 20 7 15 9 13 83 19 93 16 62 3 68
20 18 6 11 78 13 55 8 62 20 1 3 33 16 26 10 20 1 21 12 99 4 8 6 91 9 76 15 52 5 33 2 15 17 72 7 34 19 34 14 96
20 16 49 3 20 17 54 7 34 5 43 9 28 15 59 2 63 12 95 14 32 18 23 13 28 19 47 8 45 10 28 1 46 20 25 6 53 11 18 4 53
20 7 41 5 13 6 43 19 8 8 98 10 75 1 71 16 60 18 20 2 15 12 11 13 65 4 56 3 89 11 48 14 83 17 76 20 82 9 52 15 26
20 6 40 15 20 1 63 9 10 12 23 7 79 5 71 16 12 17 43 4 15 14 62 3 19 20 4 10 46 8 70 19 87 18 45 2 24 11 30 13 76
20 16 37 7 58 3 5 13 29 2 20 10 24 5 40 18 34 6 53 4 72 11 12 1 26 19 12 15 40 14 74 9 29 17 43 12 42 8 12 20 43
20 7 62 10 35 3 62 1 20 11 17 12 44 9 94 19 6 14 83 8 85 4 14 15 71 16 5 17 7 5 53 18 43 20 2 13 11 2 18 6 89
20 1 68 2 94 8 87 10 34 13 10 3 76 7 29 17 41 6 30 4 58 20 34 11 83 5 15 14 30 9 28 16 24 18 40 12 1 19 72 15 82
20 3 55 19 9 9 85 1 74 4 6 6 16 10 5 16 24 8 12 12 33 5 30 17 34 11 34 15 17 13 75 7 38 2 49 18 78 20 19 14 35
20 8 51 6 40 12 28 3 84 9 78 16 93 13 39 19 14 15 57 18 52 4 94 17 10 11 35 2 97 1 93 20 87 10 47 7 27 5 18 14 24
20 16 43 17 9 8 63 4 11 10 26 2 42 18 53 1 42 15 8 9 7 3 77 11 97 20 43 7 52 12 32 14 23 19 32 5 50 13 99 6 83
20 4 51 14 16 17 83 11 33 3 90 1 24 16 21 18 95 5 11 6 56 9 21 8 37 10 72 12 5 19 94 20 28 15 26 13 67 2 52 7 95
20 8 82 9 72 4 62 20 61 2 22 13 18 12 66 3 28 6 88 1 48 17 87 19 41 15 78 18 70 16 2 5 15 7 13 10 25 14 44 11 62
20 2 28 20 24 13 56 9 77 11 21 15 46 12 30 10 89 3 56 19 71 1 23 6 31 14 26 8 76 7 70 16 93 5 86 18 74 17 79 4 57
20 17 40 15 72 11 96 12 52 10 4 18 17 14 25 19 92 13 67 3 77 2 62 5 11 1 3 9 75 16 21 6 79 4 90 8 70 20 40 7 51
20 8 7 16 7 12 2 2 61 14 34 4 46 15 7 10 22 5 36 11 36 7 11 9 95 3 11 19 69 13 8 20 56 6 33 1 69 18 87 17 58
20 9 31 2 11 11 5 4 15 13 51 18 76 16 1 8 51 17 30 10 36 5 17 6 52 20 61 12 9 3 80 7 10 14 75 1 66 19 32 15 14
20 10 84 19 94 5 61 15 90 13 9 6 72 7 66 9 5 18 76 11 41 3 87 16 80 4 50 20 45 2 95 12 12 8 32 1 52 17 28 14 75
20 6 60 9 21 15 60 11 52 13 42 1 47 5 77 12 93 3 27 2 62 14 24 16 37 18 4 20 75 17 56 10 16 19 76 7 64 8 85 4 11
20 4 21 16 10 10 87 6 47 19 40 8 45 2 48 18 27 13 63 1 29 7 36 20 25 12 74 15 19 5 20 9 78 17 51 14 32 11 69 3 23
20 16 71 14 7 2 64 8 53 1 89 5 39 18 86 10 2 20 92 6 5 19 52 12 63 17 27 15 75 9 46 4 3 7 98 3 82 13 6 11 70
20 13 51 10 89 9 36 3 84 19 95 2 12 20 97 5 75 11 57 1 79 14 91 18 77 16 17 17 86 7 58 12 43 4 15 15 90 8 28 6 45
20 18 3 19 31 15 71 9 51 13 6 6 37 12 4 3 81 2 98 16 97 8 58 17 19 11 84 7 3 14 96 10 50 1 21 4 86 5 44 20 76
20 6 66 13 9 17 32 12 78 1 20 9 69 11 46 5 1 8 93 4 81 3 18 14 64 18 40 2 39 15 86 16 92 19 69 20 69 10 17 7 11
20 20 98 12 80 3 8 4 98 15 56 11 47 2 26 13 30 10 49 7 55 19 75 14 66 6 44 9 12 8 60 18 81 1 82 16 38 17 29 5 72
20 10 55 9 18 5 32 2 78 6 95 13 40 17 79 20 35 4 41 11 40 16 65 15 89 3 16 7 20 12 86 19 59 14 49 1 86 8 36 18 25
20 13 6 17 51 3 26 19 59 4 20 6 65 5 50 12 99 14 96 15 62 11 47 2 89 10 39 7 68 18 28 16 70 8 29 1 71 9 94 20 79
20 18 51 3 73 6 20 12 26 17 11 13 46 15 35 4 87 16 84 14 95 5 84 2 97 7 50 10 10 19 99 11 97 8 86 1 83 20 27 9 84
20 19 58 14 24 2 99 4 80 1 78 15 10 13 53 7 10 12 99 9 85 16 80 17 7 8 24 20 66 10 92 11 74 5 98 3 9 18 30 6 28
20 8 9 7 88 17 56 1 23 3 92 6 38 20 88 16 64 2 71 11 59 9 11 15 32 19 71 5 62 4 27 14 20 10 54 12 43 13 2 18 73
20 18 69 9 47 20 60 14 75 10 13 17 22 8 16 1 60 4 87 19 80 11 33 3 14 2 59 7 99 12 97 15 55 5 3 16 40 6 30 13 36
20 2 56 11 2 8 31 1 70 16 92 17 87 18 49 10 25 14 5 6 42 3 66 4 18 7 1 12 43 13 32 15 46 9 48 19 20 20 11 5 23
20 10 29 15 22 18 17 19 19 14 35 13 28 5 19 16 29 8 80 4 59 6 86 20 95 1 36 7 79 2 82 12 89 9 72 17 27 3 86 11 4
20 2 76 10 31 5 93 6 64 8 87 9 84 16 62 14 41 13 6 11 36 4 12 1 18 15 68 20 96 3 90 7 34 17 67 19 61 12 73 18 64
20 2 41 9 28 17 39 20 34 10 36 3 13 13 95 18 12 1 10 11 30 6 34 4 92 12 14 19 15 16 10 5 98 7 75 14 62 15 12 8 88
20 17 9 6 83 7 93 10 98 9 33 16 81 8 40 18 18 2 96 11 52 3 51 15 99 1 34 19 46 13 30 14 55 4 44 5 32 12 71 20 10
20 16 83 19 66 17 20 20 22 3 73 15 76 7 59 8 74 6 23 13 90 4 53 1 11 12 43 18 88 2 76 9 65 10 44 11 52 14 25 5 54
20 13 78 19 91 16 41 12 54 9 68 8 60 4 94 2 3 3 38 6 22 18 33 17 37 11 76 15 31 14 24 10 46 5 20 20 69 1 53 7 57
20 13 80 11 12 5 46 3 5 6 20 8 42 10 66 12 32 20 43 19 58 15 63 18 89 16 54 4 79 1 28 14 42 9 90 7 6 2 66 17 29
20 16 63 9 56 5 43 15 33 20 10 14 53 6 2 18 24 2 6 1 61 10 14 4 92 12 27 7 82 11 63 8 2 13 27 19 25 17 51 3 91
20 13 23 4 62 7 44 11 32 19 69 15 86 12 24 16 42 1 31 18 35 2 24 14 34 5 12 10 35 20 51 6 73 3 5 17 12 8 52 9 13
20 15 53 5 67 3 91 11 63 18 97 7 83 1 51 8 55 20 14 2 78 12 17 4 74 17 9 16 63 9 22 14 71 13 41 10 81 19 54 6 46
20 18 28 19 16 10 12 5 30 6 97 3 86 9 9 14 65 7 51 16 30 13 15 4 41 15 91 2 46 1 18 8 21 17 89 12 2 11 77 20 78
20 13 91 12 33 4 84 2 79 1 4 19 7 9 49 17 45 15 9 20 69 14 86 11 94 10 90 5 24 18 21 6 15 3 38 8 28 7 26 16 60
20 18 94 12 47 3 96 15 70 20 51 11 93 4 64 7 24 9 45 10 36 14 62 1 91 16 18 2 38 17 47 6 98 8 51 13 12 5 26 19 51
20 19 50 20 74 4 34 18 45 2 33 6 50 5 69 11 14 3 89 8 86 13 57 15 17 10 80 16 32 9 72 12 33 14 51 17 31 7 43 1 65
20 12 14 1 4 14 22 15 27 20 58 4 12 8 92 5 27 7 24 11 13 3 8 6 55 9 66 13 81 10 12 18 13 16 57 17 77 19 25 2 99
20 8 99 18 84 4 72 10 79 5 72 9 47 20 47 16 92 15 49 3 49 1 43 12 33 14 30 17 16 11 35 6 2 13 47 7 59 2 44 19 98
20 12 1 18 75 10 2 2 26 11 20 13 54 5 63 1 31 14 44 7 98 20 73 6 41 3 52 8 81 4 30 15 57 17 25 9 70 16 58 19 83
20 16 21 1 15 3 60 10 30 4 50 8 31 7 17 13 34 18 15 5 98 20 77 15 57 19 58 6 40 12 21 2 25 17 41 9 78 11 44 14 26
20 13 14 17 31 11 86 14 68 8 69 20 71 3 44 7 10 2 76 16 82 12 54 1 40 6 46 10 47 5 42 18 86 4 62 19 41 9 27 15 12
20 20 18 6 46 11 22 16 66 9 5 8 12 7 27 2 82 15 24 10 60 17 10 1 93 12 54 13 10 18 60 19 14 4 16 3 48 14 18 5 82
20 11 84 14 15 10 59 15 45 19 63 6 71 20 86 16 2 4 42 9 46 7 39 5 9 8 7 2 32 18 78 12 12 13 78 1 68 3 77 17 90
20 3 33 16 2 12 35 15 91 9 49 17 21 20 29 8 60 5 88 2 71 1 14 13 6 10 40 14 53 19 2 7 88 6 38 11 7 18 43 4 34
20 5 16 3 95 4 2 16 88 9 45 12 93 19 77 18 10 17 71 13 69 2 33 14 22 15 54 20 56 6 31 8 18 1 63 11 82 7 98 10 70
20 13 15 1 42 5 44 9 80 20 15 7 24 6 76 11 71 10 38 16 27 8 48 19 38 4 73 15 42 3 8 14 52 12 20 18 40 17 51 2 99
20 14 46 16 3 20 82 6 20 5 1 8 45 19 79 17 70 4 46 12 48 13 63 3 87 10 47 1 43 11 1 2 48 15 65 9 11 18 25 7 9
20 15 12 14 17 17 55 9 75 7 56 11 89 12 6 1 46 10 22 16 44 18 2 19 14 8 36 2 96 4 6 5 37 20 62 6 94 13 77 3 14
20 7 37 4 28 13 16 14 80 3 10 16 90 1 5 11 17 20 28 19 40 10 76 2 30 8 52 18 77 5 15 6 50 12 99 17 99 9 64 15 63
20 3 88 15 4 10 26 7 9 5 81 17 47 12 82 9 52 13 65 14 63 2 37 19 59 1 78 8 51 18 75 4 24 16 77 6 28 20 97 11 98
20 17 79 9 7 10 25 13 92 19 8 12 90 14 82 6 9 5 53 20 95 7 51 2 54 18 29 16 86 8 7 3 58 4 66 1 84 11 42 15 10
20 16 5 17 52 12 70 19 59 15 10 11 88 6 56 1 55 8 73 4 65 7 66 9 17 10 5 13 22 2 40 18 42 3 1 5 51 20 95 14 28
20 15 30 13 62 7 46 9 14 5 62 17 16 6 24 20 17 16 70 12 66 18 57 2 55 3 79 10 99 14 27 19 17 4 75 8 6 1 14 11 61
20 11 71 12 22 15 68 13 74 5 39 10 68 6 28 19 7 18 67 4 7 2 92 8 45 17 67 14 35 7 70 1 52 3 65 9 99 20 21 16 51
20 17 5 7 73 4 10 16 75 8 16 5 70 13 39 10 62 9 65 14 99 3 57 11 7 2 54 20 52 15 47 1 43 19 1 6 65 12 88 18 36
20 6 30 20 82 9 82 5 54 1 94 2 28 15 75 19 1 14 84 8 61 18 17 12 45 3 72 7 58 4 78 11 63 16 50 10 77 17 8 13 25
20 10 17 7 78 17 20 5 92 20 57 6 95 19 25 12 44 14 8 16 93 2 21 3 21 8 47 9 38 4 33 15 48 18 39 13 69 1 15 11 70
20 5 2 7 4 6 44 8 38 9 93 1 94 18 93 10 18 14 38 20 66 13 38 15 60 12 87 17 49 2 52 4 72 11 12 3 5 19 21 16 6
20 18 63 15 21 3 21 13 53 8 79 10 10 9 13 6 45 17 63 19 39 1 38 4 50 14 80 16 45 20 84 5 2 12 29 7 31 2 27 11 96
